STE0072C12I5DYE1	STE0072C12I5DYE2	STE0072C12I5DYE3	STE0072C12I5EKO1	STE0072C12I5EKO2	STE0072C12I5EKO3	STE0072C12I5EWT1	STE0072C12I5EWT2	STE0072C12I5EWT5
A[C>A]A	21	17	16	26	31	33	33	18	27
A[C>A]C	10	12	14	7	10	10	9	13	4
A[C>A]G	0	0	0	4	4	2	2	2	0
A[C>A]T	14	11	10	9	10	11	13	7	13
C[C>A]A	15	14	13	17	23	23	12	24	14
C[C>A]C	6	7	8	12	14	11	3	7	3
C[C>A]G	1	0	1	4	3	2	1	5	2
C[C>A]T	8	7	8	15	15	13	9	14	6
G[C>A]A	22	25	26	14	11	17	17	23	17
G[C>A]C	13	13	13	8	8	8	6	8	3
G[C>A]G	4	4	4	1	2	2	2	2	2
G[C>A]T	12	16	15	17	14	12	16	13	20
T[C>A]A	14	15	15	23	21	21	17	18	12
T[C>A]C	9	10	10	7	8	8	9	11	7
T[C>A]G	3	2	3	1	1	1	0	2	2
T[C>A]T	25	22	25	22	27	26	31	33	29
A[C>G]A	9	8	8	7	6	6	6	4	7
A[C>G]C	2	2	2	0	1	0	3	2	3
A[C>G]G	0	0	0	2	1	1	0	1	0
A[C>G]T	6	6	6	2	4	2	5	6	4
C[C>G]A	2	2	2	2	1	1	4	4	4
C[C>G]C	3	4	3	2	1	1	2	1	3
C[C>G]G	0	0	0	1	0	0	0	0	0
C[C>G]T	6	4	6	1	3	4	3	4	6
G[C>G]A	1	1	1	3	3	3	2	0	2
G[C>G]C	2	2	3	0	1	0	2	0	2
G[C>G]G	0	0	0	0	0	0	0	1	0
G[C>G]T	1	0	1	2	2	1	7	4	6
T[C>G]A	8	7	7	3	5	4	2	6	1
T[C>G]C	2	2	3	4	5	4	3	5	4
T[C>G]G	1	1	1	1	1	1	1	2	1
T[C>G]T	8	8	9	10	10	10	15	9	13
A[C>T]A	14	17	12	7	7	6	15	7	16
A[C>T]C	5	5	6	6	5	5	2	5	4
A[C>T]G	16	21	17	5	6	8	11	16	14
A[C>T]T	9	8	9	16	18	16	8	5	6
C[C>T]A	14	14	11	14	10	10	6	5	5
C[C>T]C	11	14	13	8	7	8	6	10	7
C[C>T]G	11	12	9	11	12	11	8	7	7
C[C>T]T	11	12	11	7	5	6	9	5	11
G[C>T]A	12	13	14	7	6	7	7	8	6
G[C>T]C	9	10	7	5	5	5	6	1	4
G[C>T]G	6	6	7	9	5	5	10	10	10
G[C>T]T	7	6	6	7	6	6	11	5	9
T[C>T]A	16	13	13	14	17	21	12	9	12
T[C>T]C	7	9	7	7	8	8	7	8	6
T[C>T]G	10	7	9	3	4	4	11	7	9
T[C>T]T	14	16	11	11	12	13	10	7	11
A[T>A]A	10	9	8	5	7	7	50	18	34
A[T>A]C	5	4	4	1	1	2	25	6	14
A[T>A]G	3	3	3	4	4	3	5	3	4
A[T>A]T	12	10	12	7	7	7	58	16	21
C[T>A]A	4	5	5	2	1	2	2	1	1
C[T>A]C	4	3	2	2	3	2	5	4	4
C[T>A]G	8	5	5	3	2	3	2	3	1
C[T>A]T	5	6	5	5	3	3	5	0	6
G[T>A]A	2	2	2	2	2	2	4	1	0
G[T>A]C	3	2	2	4	2	2	7	4	6
G[T>A]G	4	4	5	1	2	2	3	5	2
G[T>A]T	5	5	5	3	3	5	18	5	14
T[T>A]A	3	3	2	5	6	5	25	12	16
T[T>A]C	2	2	1	6	8	6	8	3	8
T[T>A]G	4	3	3	3	2	2	7	2	5
T[T>A]T	8	7	9	6	8	5	81	24	43
A[T>C]A	10	14	12	15	15	16	106	32	101
A[T>C]C	5	6	6	3	4	4	36	21	33
A[T>C]G	4	5	3	4	4	7	10	6	10
A[T>C]T	6	9	8	12	9	12	144	49	134
C[T>C]A	1	2	1	6	6	7	5	7	5
C[T>C]C	5	5	4	1	1	2	2	3	2
C[T>C]G	4	4	4	5	5	6	1	2	1
C[T>C]T	6	4	5	17	19	16	5	6	5
G[T>C]A	10	12	8	9	7	8	6	3	5
G[T>C]C	3	3	2	2	1	1	5	2	3
G[T>C]G	4	4	5	4	2	2	3	2	4
G[T>C]T	8	8	9	5	5	4	14	5	18
T[T>C]A	13	13	13	17	14	15	24	14	15
T[T>C]C	3	3	3	6	6	6	11	3	8
T[T>C]G	8	9	6	4	5	4	2	3	2
T[T>C]T	12	13	12	8	7	8	86	27	77
A[T>G]A	3	3	3	2	3	2	12	3	6
A[T>G]C	3	2	2	0	0	1	4	3	3
A[T>G]G	3	3	3	2	1	1	1	5	2
A[T>G]T	2	2	4	5	6	5	11	10	8
C[T>G]A	3	2	3	3	4	4	1	2	1
C[T>G]C	2	4	2	1	1	1	2	3	2
C[T>G]G	1	4	3	4	3	3	6	3	5
C[T>G]T	4	5	2	13	14	12	3	1	6
G[T>G]A	2	2	2	4	5	5	3	2	7
G[T>G]C	2	2	2	2	2	1	4	2	2
G[T>G]G	1	0	1	1	1	2	4	2	3
G[T>G]T	2	1	1	4	5	7	22	6	11
T[T>G]A	4	7	6	4	3	3	28	5	30
T[T>G]C	2	2	2	2	2	2	14	12	16
T[T>G]G	8	9	8	5	2	2	5	2	2
T[T>G]T	7	9	8	18	14	17	118	26	82
